bs10: 0.08819209378534265
bs90: 0.9118079062146573